Date,debit,Credit,Balance
19-05-2023,0.00,10.00,10.0
2023-12-19 20:09:16.305192,0.00,5010.0,5020.0
2023-12-19 20:09:54.993882,0.00,6010.0,11030.0
2023-12-19 20:10:53.394169,0.00,7010.0,18040.0
2023-12-19 20:11:59.606077,0.00,8010.0,26050.0
2023-12-19 20:13:02.151144,0.00,9010.0,35060.0
2023-12-19 20:13:34.163069,0.00,10010.0,45070.0
2023-12-19 20:14:03.609700,0.00,11010.0,56080.0
2023-12-19 20:15:30.127980,0.00,12010.0,68090.0
